{
 "cells": [
  {
   "cell_type": "code",
   "execution_count": 152,
   "metadata": {},
   "outputs": [],
   "source": [
    "A = np.array([\n",
    "    [63, 134, 79, 35, 152, 31, 146, 72, 9, 81, 105, 26, 79, 35, 152, 31, 146, 72, 8, 81], \n",
    "    [99, 95, 61, 92, 131, 163, 177, 76, 10, 1, 9, 173, 61, 92, 131, 163, 177, 76, 10, 1], \n",
    "    [111, 198, 90, 96, 26, 88, 77, 138, 5, 136, 185, 92, 90, 96, 26, 88, 77, 138, 5, 136], \n",
    "    [40, 8, 104, 175, 132, 36, 169, 66, 191, 64, 7, 121, 104, 175, 132, 36, 169, 66, 191, 64], \n",
    "    [58, 12, 43, 198, 190, 77, 171, 61, 130, 67, 52, 165, 43, 198, 190, 77, 171, 61, 130, 67], \n",
    "    [89, 80, 82, 159, 126, 101, 58, 136, 97, 7, 106, 47, 82, 159, 126, 101, 58, 136, 97, 7], \n",
    "    [160, 81, 151, 158, 106, 28, 196, 100, 38, 34, 174, 160, 151, 158, 106, 28, 196, 100, 38, 34], \n",
    "    [145, 85, 146, 146, 106, 74, 27, 162, 41, 42, 53, 45, 146, 146, 106, 74, 27, 162, 41, 42], \n",
    "    [149, 167, 50, 93, 162, 169, 121, 75, 66, 136, 117, 28, 50, 93, 162, 169, 121, 75, 66, 136], \n",
    "    [164, 197, 154, 16, 134, 175, 148, 124, 157, 191, 5, 151, 154, 16, 134, 175, 148, 124, 157, 191], \n",
    "    [192, 31, 74, 132, 141, 65, 138, 20, 167, 30, 90, 160, 74, 132, 141, 65, 138, 20, 167, 30], \n",
    "    [174, 140, 157, 127, 176, 9, 91, 20, 83, 103, 179, 104, 157, 127, 176, 9, 91, 20, 83, 103], \n",
    "    [147, 53, 99, 20, 87, 8, 113, 136, 65, 40, 196, 29, 99, 20, 87, 8, 113, 136, 65, 40], \n",
    "    [107, 41, 8, 86, 195, 43, 155, 20, 160, 112, 144, 97, 8, 86, 195, 43, 155, 20, 160, 112], \n",
    "    [18, 107, 184, 139, 107, 173, 110, 45, 60, 89, 183, 8, 184, 139, 107, 173, 110, 45, 60, 89], \n",
    "    [52, 115, 124, 78, 2, 112, 69, 76, 53, 74, 190, 142, 124, 78, 2, 112, 69, 76, 53, 74], \n",
    "    [161, 54, 136, 100, 193, 126, 13, 120, 99, 33, 13, 134, 136, 100, 193, 126, 13, 120, 99, 33], \n",
    "    [179, 145, 140, 25, 82, 173, 78, 122, 151, 187, 183, 150, 140, 25, 82, 173, 78, 122, 151, 187], \n",
    "    [118, 130, 175, 171, 52, 144, 3, 64, 172, 132, 153, 189, 175, 171, 52, 144, 3, 64, 172, 132], \n",
    "    [91, 82, 58, 133, 16, 59, 53, 122, 60, 174, 193, 64, 58, 133, 16, 59, 53, 122, 60, 174]\n",
    "])"
   ]
  },
  {
   "cell_type": "code",
   "execution_count": 153,
   "metadata": {},
   "outputs": [
    {
     "name": "stdout",
     "output_type": "stream",
     "text": [
      "[[ 63 134  79  35 152  31 146  72   9  81 105  26  79  35 152  31 146  72\n",
      "    8  81]\n",
      " [ 99  95  61  92 131 163 177  76  10   1   9 173  61  92 131 163 177  76\n",
      "   10   1]\n",
      " [111 198  90  96  26  88  77 138   5 136 185  92  90  96  26  88  77 138\n",
      "    5 136]\n",
      " [ 40   8 104 175 132  36 169  66 191  64   7 121 104 175 132  36 169  66\n",
      "  191  64]\n",
      " [ 58  12  43 198 190  77 171  61 130  67  52 165  43 198 190  77 171  61\n",
      "  130  67]\n",
      " [ 89  80  82 159 126 101  58 136  97   7 106  47  82 159 126 101  58 136\n",
      "   97   7]\n",
      " [160  81 151 158 106  28 196 100  38  34 174 160 151 158 106  28 196 100\n",
      "   38  34]\n",
      " [145  85 146 146 106  74  27 162  41  42  53  45 146 146 106  74  27 162\n",
      "   41  42]\n",
      " [149 167  50  93 162 169 121  75  66 136 117  28  50  93 162 169 121  75\n",
      "   66 136]\n",
      " [164 197 154  16 134 175 148 124 157 191   5 151 154  16 134 175 148 124\n",
      "  157 191]\n",
      " [192  31  74 132 141  65 138  20 167  30  90 160  74 132 141  65 138  20\n",
      "  167  30]\n",
      " [174 140 157 127 176   9  91  20  83 103 179 104 157 127 176   9  91  20\n",
      "   83 103]\n",
      " [147  53  99  20  87   8 113 136  65  40 196  29  99  20  87   8 113 136\n",
      "   65  40]\n",
      " [107  41   8  86 195  43 155  20 160 112 144  97   8  86 195  43 155  20\n",
      "  160 112]\n",
      " [ 18 107 184 139 107 173 110  45  60  89 183   8 184 139 107 173 110  45\n",
      "   60  89]\n",
      " [ 52 115 124  78   2 112  69  76  53  74 190 142 124  78   2 112  69  76\n",
      "   53  74]\n",
      " [161  54 136 100 193 126  13 120  99  33  13 134 136 100 193 126  13 120\n",
      "   99  33]\n",
      " [179 145 140  25  82 173  78 122 151 187 183 150 140  25  82 173  78 122\n",
      "  151 187]\n",
      " [118 130 175 171  52 144   3  64 172 132 153 189 175 171  52 144   3  64\n",
      "  172 132]\n",
      " [ 91  82  58 133  16  59  53 122  60 174 193  64  58 133  16  59  53 122\n",
      "   60 174]]\n"
     ]
    }
   ],
   "source": [
    "print(A)"
   ]
  },
  {
   "cell_type": "code",
   "execution_count": 154,
   "metadata": {},
   "outputs": [],
   "source": [
    "B = np.array([\n",
    "     [84, 62, 175, 38, 159, 123, 90, 115, 142, 163, 80, 82, 62, 175, 38, 159, 123, 90, 115, 142], \n",
    "     [58, 70, 156, 44, 80, 180, 53, 43, 122, 4, 21, 23, 70, 156, 44, 80, 180, 53, 43, 122], \n",
    "     [173, 0, 64, 47, 155, 194, 8, 32, 196, 196, 96, 71, 0, 64, 47, 155, 194, 8, 32, 196], \n",
    "     [147, 167, 49, 152, 129, 167, 25, 7, 110, 106, 123, 79, 167, 49, 152, 129, 167, 25, 7, 110],\n",
    "     [142, 125, 80, 168, 152, 2, 194, 100, 6, 56, 50, 127, 125, 80, 168, 152, 2, 194, 100, 6], \n",
    "     [193, 129, 53, 72, 103, 92, 142, 23, 102, 70, 104, 23, 129, 53, 72, 103, 92, 142, 23, 102], \n",
    "     [80, 67, 77, 198, 140, 60, 161, 33, 150, 15, 166, 192, 67, 77, 198, 140, 60, 161, 33, 150], \n",
    "     [25, 6, 118, 132, 84, 25, 187, 24, 189, 161, 167, 100, 6, 118, 132, 84, 25, 187, 24, 189], \n",
    "     [177, 5, 31, 133, 3, 163, 143, 128, 184, 133, 167, 94, 5, 31, 133, 3, 163, 143, 128, 184], \n",
    "     [75, 130, 67, 152, 162, 74, 108, 42, 97, 124, 165, 102, 130, 67, 152, 162, 74, 108, 42, 97], \n",
    "     [182, 144, 54, 145, 3, 62, 51, 83, 16, 79, 82, 104, 144, 54, 145, 3, 62, 51, 83, 16], \n",
    "     [3, 97, 19, 17, 127, 36, 128, 32, 1, 96, 199, 189, 97, 19, 17, 127, 36, 128, 32, 1], \n",
    "     [40, 154, 186, 41, 79, 151, 13, 196, 75, 166, 160, 104, 154, 186, 41, 79, 151, 13, 196, 75], \n",
    "     [91, 130, 110, 164, 141, 181, 193, 58, 56, 98, 145, 196, 130, 110, 164, 141, 181, 193, 58, 56], \n",
    "     [34, 55, 180, 103, 118, 16, 27, 95, 169, 70, 198, 8, 55, 180, 103, 118, 16, 27, 95, 169], \n",
    "     [164, 70, 164, 147, 95, 195, 9, 107, 155, 55, 14, 159, 70, 164, 147, 95, 195, 9, 107, 155], \n",
    "     [52, 27, 98, 180, 93, 32, 146, 32, 132, 123, 60, 166, 27, 98, 180, 93, 32, 146, 32, 132], \n",
    "     [189, 134, 69, 187, 42, 199, 60, 26, 70, 95, 186, 132, 134, 69, 187, 42, 199, 60, 26, 70],\n",
    "     [135, 93, 94, 182, 139, 46, 122, 52, 74, 112, 9, 188, 93, 94, 182, 139, 46, 122, 52, 74], \n",
    "     [62, 8, 13, 146, 115, 135, 29, 138, 85, 133, 104, 118, 8, 13, 146, 115, 135, 29, 138, 85]\n",
    "])"
   ]
  },
  {
   "cell_type": "code",
   "execution_count": 155,
   "metadata": {
    "scrolled": true
   },
   "outputs": [
    {
     "name": "stdout",
     "output_type": "stream",
     "text": [
      "[[ 84  62 175  38 159 123  90 115 142 163  80  82  62 175  38 159 123  90\n",
      "  115 142]\n",
      " [ 58  70 156  44  80 180  53  43 122   4  21  23  70 156  44  80 180  53\n",
      "   43 122]\n",
      " [173   0  64  47 155 194   8  32 196 196  96  71   0  64  47 155 194   8\n",
      "   32 196]\n",
      " [147 167  49 152 129 167  25   7 110 106 123  79 167  49 152 129 167  25\n",
      "    7 110]\n",
      " [142 125  80 168 152   2 194 100   6  56  50 127 125  80 168 152   2 194\n",
      "  100   6]\n",
      " [193 129  53  72 103  92 142  23 102  70 104  23 129  53  72 103  92 142\n",
      "   23 102]\n",
      " [ 80  67  77 198 140  60 161  33 150  15 166 192  67  77 198 140  60 161\n",
      "   33 150]\n",
      " [ 25   6 118 132  84  25 187  24 189 161 167 100   6 118 132  84  25 187\n",
      "   24 189]\n",
      " [177   5  31 133   3 163 143 128 184 133 167  94   5  31 133   3 163 143\n",
      "  128 184]\n",
      " [ 75 130  67 152 162  74 108  42  97 124 165 102 130  67 152 162  74 108\n",
      "   42  97]\n",
      " [182 144  54 145   3  62  51  83  16  79  82 104 144  54 145   3  62  51\n",
      "   83  16]\n",
      " [  3  97  19  17 127  36 128  32   1  96 199 189  97  19  17 127  36 128\n",
      "   32   1]\n",
      " [ 40 154 186  41  79 151  13 196  75 166 160 104 154 186  41  79 151  13\n",
      "  196  75]\n",
      " [ 91 130 110 164 141 181 193  58  56  98 145 196 130 110 164 141 181 193\n",
      "   58  56]\n",
      " [ 34  55 180 103 118  16  27  95 169  70 198   8  55 180 103 118  16  27\n",
      "   95 169]\n",
      " [164  70 164 147  95 195   9 107 155  55  14 159  70 164 147  95 195   9\n",
      "  107 155]\n",
      " [ 52  27  98 180  93  32 146  32 132 123  60 166  27  98 180  93  32 146\n",
      "   32 132]\n",
      " [189 134  69 187  42 199  60  26  70  95 186 132 134  69 187  42 199  60\n",
      "   26  70]\n",
      " [135  93  94 182 139  46 122  52  74 112   9 188  93  94 182 139  46 122\n",
      "   52  74]\n",
      " [ 62   8  13 146 115 135  29 138  85 133 104 118   8  13 146 115 135  29\n",
      "  138  85]]\n"
     ]
    }
   ],
   "source": [
    "print(B)"
   ]
  },
  {
   "cell_type": "code",
   "execution_count": 82,
   "metadata": {},
   "outputs": [],
   "source": [
    "import numpy as np\n",
    "import cv2"
   ]
  },
  {
   "cell_type": "code",
   "execution_count": 83,
   "metadata": {},
   "outputs": [],
   "source": [
    "# Question 2a\n",
    "A_trans = np.transpose(A)\n",
    "B_trans = np.transpose(B)"
   ]
  },
  {
   "cell_type": "code",
   "execution_count": 84,
   "metadata": {},
   "outputs": [
    {
     "name": "stdout",
     "output_type": "stream",
     "text": [
      "Transpose of A:  [[ 63  99 111  40  58  89 160 145 149 164 192 174 147 107  18  52 161 179\n",
      "  118  91]\n",
      " [134  95 198   8  12  80  81  85 167 197  31 140  53  41 107 115  54 145\n",
      "  130  82]\n",
      " [ 79  61  90 104  43  82 151 146  50 154  74 157  99   8 184 124 136 140\n",
      "  175  58]\n",
      " [ 35  92  96 175 198 159 158 146  93  16 132 127  20  86 139  78 100  25\n",
      "  171 133]\n",
      " [152 131  26 132 190 126 106 106 162 134 141 176  87 195 107   2 193  82\n",
      "   52  16]\n",
      " [ 31 163  88  36  77 101  28  74 169 175  65   9   8  43 173 112 126 173\n",
      "  144  59]\n",
      " [146 177  77 169 171  58 196  27 121 148 138  91 113 155 110  69  13  78\n",
      "    3  53]\n",
      " [ 72  76 138  66  61 136 100 162  75 124  20  20 136  20  45  76 120 122\n",
      "   64 122]\n",
      " [  9  10   5 191 130  97  38  41  66 157 167  83  65 160  60  53  99 151\n",
      "  172  60]\n",
      " [ 81   1 136  64  67   7  34  42 136 191  30 103  40 112  89  74  33 187\n",
      "  132 174]\n",
      " [105   9 185   7  52 106 174  53 117   5  90 179 196 144 183 190  13 183\n",
      "  153 193]\n",
      " [ 26 173  92 121 165  47 160  45  28 151 160 104  29  97   8 142 134 150\n",
      "  189  64]\n",
      " [ 79  61  90 104  43  82 151 146  50 154  74 157  99   8 184 124 136 140\n",
      "  175  58]\n",
      " [ 35  92  96 175 198 159 158 146  93  16 132 127  20  86 139  78 100  25\n",
      "  171 133]\n",
      " [152 131  26 132 190 126 106 106 162 134 141 176  87 195 107   2 193  82\n",
      "   52  16]\n",
      " [ 31 163  88  36  77 101  28  74 169 175  65   9   8  43 173 112 126 173\n",
      "  144  59]\n",
      " [146 177  77 169 171  58 196  27 121 148 138  91 113 155 110  69  13  78\n",
      "    3  53]\n",
      " [ 72  76 138  66  61 136 100 162  75 124  20  20 136  20  45  76 120 122\n",
      "   64 122]\n",
      " [  8  10   5 191 130  97  38  41  66 157 167  83  65 160  60  53  99 151\n",
      "  172  60]\n",
      " [ 81   1 136  64  67   7  34  42 136 191  30 103  40 112  89  74  33 187\n",
      "  132 174]] \n",
      "\n",
      "Transpose of B:  [[ 84  58 173 147 142 193  80  25 177  75 182   3  40  91  34 164  52 189\n",
      "  135  62]\n",
      " [ 62  70   0 167 125 129  67   6   5 130 144  97 154 130  55  70  27 134\n",
      "   93   8]\n",
      " [175 156  64  49  80  53  77 118  31  67  54  19 186 110 180 164  98  69\n",
      "   94  13]\n",
      " [ 38  44  47 152 168  72 198 132 133 152 145  17  41 164 103 147 180 187\n",
      "  182 146]\n",
      " [159  80 155 129 152 103 140  84   3 162   3 127  79 141 118  95  93  42\n",
      "  139 115]\n",
      " [123 180 194 167   2  92  60  25 163  74  62  36 151 181  16 195  32 199\n",
      "   46 135]\n",
      " [ 90  53   8  25 194 142 161 187 143 108  51 128  13 193  27   9 146  60\n",
      "  122  29]\n",
      " [115  43  32   7 100  23  33  24 128  42  83  32 196  58  95 107  32  26\n",
      "   52 138]\n",
      " [142 122 196 110   6 102 150 189 184  97  16   1  75  56 169 155 132  70\n",
      "   74  85]\n",
      " [163   4 196 106  56  70  15 161 133 124  79  96 166  98  70  55 123  95\n",
      "  112 133]\n",
      " [ 80  21  96 123  50 104 166 167 167 165  82 199 160 145 198  14  60 186\n",
      "    9 104]\n",
      " [ 82  23  71  79 127  23 192 100  94 102 104 189 104 196   8 159 166 132\n",
      "  188 118]\n",
      " [ 62  70   0 167 125 129  67   6   5 130 144  97 154 130  55  70  27 134\n",
      "   93   8]\n",
      " [175 156  64  49  80  53  77 118  31  67  54  19 186 110 180 164  98  69\n",
      "   94  13]\n",
      " [ 38  44  47 152 168  72 198 132 133 152 145  17  41 164 103 147 180 187\n",
      "  182 146]\n",
      " [159  80 155 129 152 103 140  84   3 162   3 127  79 141 118  95  93  42\n",
      "  139 115]\n",
      " [123 180 194 167   2  92  60  25 163  74  62  36 151 181  16 195  32 199\n",
      "   46 135]\n",
      " [ 90  53   8  25 194 142 161 187 143 108  51 128  13 193  27   9 146  60\n",
      "  122  29]\n",
      " [115  43  32   7 100  23  33  24 128  42  83  32 196  58  95 107  32  26\n",
      "   52 138]\n",
      " [142 122 196 110   6 102 150 189 184  97  16   1  75  56 169 155 132  70\n",
      "   74  85]]\n"
     ]
    }
   ],
   "source": [
    "print(\"Transpose of A: \" ,A_trans,'\\n')\n",
    "print(\"Transpose of B: \" ,B_trans)"
   ]
  },
  {
   "cell_type": "code",
   "execution_count": 89,
   "metadata": {},
   "outputs": [
    {
     "name": "stdout",
     "output_type": "stream",
     "text": [
      "(20, 20)\n",
      "(20, 20)\n"
     ]
    }
   ],
   "source": [
    "print(A.shape)\n",
    "print(B.shape)"
   ]
  },
  {
   "cell_type": "code",
   "execution_count": 90,
   "metadata": {},
   "outputs": [],
   "source": [
    "# Question 2b\n",
    "A_inv = np.linalg.inv(A)\n",
    "B_inv = np.linalg.inv(B) "
   ]
  },
  {
   "cell_type": "code",
   "execution_count": 91,
   "metadata": {},
   "outputs": [
    {
     "name": "stdout",
     "output_type": "stream",
     "text": [
      "Inverse of A:  [[-8.43223619e-17 -1.07793294e-03 -1.38935116e-02 -1.01739453e-02\n",
      "   2.24401776e-03 -4.17321945e-03 -5.37644613e-03  6.59605477e-03\n",
      "   5.97517851e-04 -2.62557619e-03  8.95466151e-03  1.52055653e-03\n",
      "   2.82831706e-03 -2.96682936e-03 -1.02592586e-02 -3.61284346e-03\n",
      "   2.49209147e-03  7.75394862e-03 -6.51041667e-03  5.38966468e-03]\n",
      " [-3.94574708e-16 -1.38828633e-03  1.14533623e-02  5.55314534e-03\n",
      "  -3.81778742e-03  9.71800434e-03  1.04121475e-03 -1.66594360e-02\n",
      "   1.04121475e-02  4.16485900e-03 -1.11062907e-02  2.08242950e-02\n",
      "  -1.38828633e-03 -1.38828633e-02  1.04121475e-03  6.24728850e-03\n",
      "   6.94143167e-04 -9.71800434e-03  0.00000000e+00  6.94143167e-03]\n",
      " [ 1.91499164e+00 -1.25299748e+13  7.10984006e+12  3.67248362e+12\n",
      "  -2.48312622e+12  1.79503201e+13  4.91610858e+12 -2.57408166e+13\n",
      "  -5.30288575e+12  4.21832958e+12  1.42485448e+13  6.73288094e+12\n",
      "  -1.65835034e+13 -1.68089265e+13  4.68546201e+12  3.83680946e+12\n",
      "   1.73379014e+13  6.61666883e+12 -2.65684624e+13  1.20825525e+13]\n",
      " [-2.64504313e+00 -9.68543090e+12  7.98741100e+12  7.20415473e+12\n",
      "  -1.72057123e+13 -2.36837612e+13  1.58605257e+13  2.22788254e+13\n",
      "   1.49909372e+13 -6.79365022e+12 -9.14093805e+12 -2.53297827e+13\n",
      "  -5.13226655e+12  3.35051565e+13 -3.33426222e+12  1.24568912e+13\n",
      "   7.60876730e+12 -1.27169881e+13  1.29299129e+13 -1.89894304e+13]\n",
      " [ 6.98079093e+00  4.43699262e+13 -9.40478642e+13  4.12789636e+13\n",
      "  -2.14369608e+13  4.95830026e+13 -4.64762770e+12 -2.37452981e+13\n",
      "   3.51638817e+13 -2.14489972e+13 -4.81307893e+13  6.97243629e+13\n",
      "  -8.73014430e+12 -5.07894771e+13 -4.51138181e+13  2.61227529e+13\n",
      "  -2.42860417e+13  5.01743728e+13 -1.95521388e+13  4.62354903e+13]\n",
      " [-9.86921566e+00 -3.89939441e+13  1.42887781e+14 -5.56000432e+13\n",
      "   9.39351120e+12 -7.31100867e+13 -1.15125583e+13  2.82789716e+13\n",
      "  -7.11615115e+13  3.32511600e+13  7.63955572e+13 -9.58345446e+13\n",
      "   2.09414027e+13  8.38118347e+13  7.45792323e+13 -5.13843121e+13\n",
      "   4.00933115e+13 -8.78807078e+13  3.32223025e+13 -4.69975033e+13]\n",
      " [-3.01612903e+00 -2.02472256e+13  3.53664621e+13  4.80992331e+12\n",
      "   2.78122392e+12 -3.63193518e+13 -2.18504845e+12  1.96368326e+13\n",
      "   9.07983796e+12 -7.83616028e+12  1.28376139e+13 -2.76873514e+13\n",
      "   3.91940225e+12  1.86210722e+13  6.71272408e+12  1.13497974e+13\n",
      "   1.40106526e+13 -1.49557885e+13  3.79825247e+12 -2.81500757e+13]\n",
      " [-1.00000000e+00  8.84188069e+12 -1.69386248e+13  6.14550871e+12\n",
      "  -4.16255022e+12  2.57358195e+00  2.43041174e+12 -7.80410913e+12\n",
      "   1.40737488e+13 -2.17982109e+12 -1.45179885e+13  4.69305394e+12\n",
      "   1.13761572e+13 -5.99672490e+12 -9.05279975e+12  1.92185096e-01\n",
      "  -8.19407447e+11 -5.07261878e+12  1.31043235e+13  6.59847475e+12]\n",
      " [ 1.00000000e+00 -1.89703131e+00  3.83271182e+00 -3.55894669e-01\n",
      "   6.00672903e-01 -2.58305452e+00 -4.71439658e-01  1.51698090e+00\n",
      "  -7.56880065e-01 -5.79737922e-01  2.50253536e+00 -2.75053436e+00\n",
      "  -2.93693621e-01  1.23677423e+00  1.30118956e+00 -1.93245974e-01\n",
      "   1.05963209e+00 -6.21607883e-01  8.37399221e-02 -2.19012104e+00]\n",
      " [ 4.77419355e+00  3.28796467e+13 -8.69541622e+13  7.14197930e+12\n",
      "  -1.21039027e+13  5.44790278e+13  1.15994514e+12 -3.15652555e+13\n",
      "   1.45277407e+13  9.63061737e+12 -3.15695287e+13  5.40481649e+13\n",
      "  -2.42391290e+12 -3.95007231e+13 -2.91804048e+13  1.81596759e+13\n",
      "  -1.84202826e+13  1.44093384e+13 -1.07004456e+13  5.58429552e+13]\n",
      " [-2.36029688e-16 -1.63771513e-03  4.54212470e-03 -8.96055002e-04\n",
      "  -2.64868483e-04 -1.90875393e-03 -1.32444792e-04 -5.36611123e-04\n",
      "  -8.66093252e-04 -2.68371588e-03  1.07593528e-03 -2.49385176e-03\n",
      "   1.52809368e-03  3.50812243e-03  2.02023935e-03  7.62548513e-04\n",
      "   1.86706669e-03 -2.60620831e-04  5.51594764e-04 -2.42286980e-03]\n",
      " [-1.64014811e-16  2.57701524e-03 -2.21358656e-03  4.79243950e-04\n",
      "   5.19987366e-04 -3.87126477e-04  1.18380360e-03 -2.14885356e-03\n",
      "  -2.67871522e-04 -7.99013130e-04 -3.74689206e-03  1.62305612e-03\n",
      "  -3.87253219e-04  3.03317825e-04 -3.77012430e-03  3.10155175e-03\n",
      "   1.72009721e-03  5.44815174e-04  1.63336337e-03  7.65767668e-04]\n",
      " [-1.91499164e+00  1.25299748e+13 -7.10984006e+12 -3.67248362e+12\n",
      "   2.48312622e+12 -1.79503201e+13 -4.91610858e+12  2.57408166e+13\n",
      "   5.30288575e+12 -4.21832958e+12 -1.42485448e+13 -6.73288094e+12\n",
      "   1.65835034e+13  1.68089265e+13 -4.68546201e+12 -3.83680946e+12\n",
      "  -1.73379014e+13 -6.61666883e+12  2.65684624e+13 -1.20825525e+13]\n",
      " [ 2.64504313e+00  9.68543090e+12 -7.98741100e+12 -7.20415473e+12\n",
      "   1.72057123e+13  2.36837612e+13 -1.58605257e+13 -2.22788254e+13\n",
      "  -1.49909372e+13  6.79365022e+12  9.14093805e+12  2.53297827e+13\n",
      "   5.13226655e+12 -3.35051565e+13  3.33426222e+12 -1.24568912e+13\n",
      "  -7.60876730e+12  1.27169881e+13 -1.29299129e+13  1.89894304e+13]\n",
      " [-6.98079093e+00 -4.43699262e+13  9.40478642e+13 -4.12789636e+13\n",
      "   2.14369608e+13 -4.95830026e+13  4.64762770e+12  2.37452981e+13\n",
      "  -3.51638817e+13  2.14489972e+13  4.81307893e+13 -6.97243629e+13\n",
      "   8.73014430e+12  5.07894771e+13  4.51138181e+13 -2.61227529e+13\n",
      "   2.42860417e+13 -5.01743728e+13  1.95521388e+13 -4.62354903e+13]\n",
      " [ 9.86921566e+00  3.89939441e+13 -1.42887781e+14  5.56000432e+13\n",
      "  -9.39351120e+12  7.31100867e+13  1.15125583e+13 -2.82789716e+13\n",
      "   7.11615115e+13 -3.32511600e+13 -7.63955572e+13  9.58345446e+13\n",
      "  -2.09414027e+13 -8.38118347e+13 -7.45792323e+13  5.13843121e+13\n",
      "  -4.00933115e+13  8.78807078e+13 -3.32223025e+13  4.69975033e+13]\n",
      " [ 3.01612903e+00  2.02472256e+13 -3.53664621e+13 -4.80992331e+12\n",
      "  -2.78122392e+12  3.63193518e+13  2.18504845e+12 -1.96368326e+13\n",
      "  -9.07983796e+12  7.83616028e+12 -1.28376139e+13  2.76873514e+13\n",
      "  -3.91940225e+12 -1.86210722e+13 -6.71272408e+12 -1.13497974e+13\n",
      "  -1.40106526e+13  1.49557885e+13 -3.79825247e+12  2.81500757e+13]\n",
      " [ 1.00000000e+00 -8.84188069e+12  1.69386248e+13 -6.14550871e+12\n",
      "   4.16255022e+12 -2.58064516e+00 -2.43041174e+12  7.80410913e+12\n",
      "  -1.40737488e+13  2.17982109e+12  1.45179885e+13 -4.69305394e+12\n",
      "  -1.13761572e+13  5.99672490e+12  9.05279975e+12 -1.93548387e-01\n",
      "   8.19407447e+11  5.07261878e+12 -1.31043235e+13 -6.59847475e+12]\n",
      " [-1.00000000e+00  1.88690857e+00 -3.80678854e+00  3.56925171e-01\n",
      "  -6.00520932e-01  2.58064516e+00  4.71782505e-01 -1.51912588e+00\n",
      "   7.54838710e-01  5.82119515e-01 -2.49083990e+00  2.74337090e+00\n",
      "   2.92825391e-01 -1.23240587e+00 -1.29287364e+00  1.93548387e-01\n",
      "  -1.05617097e+00  6.18348361e-01 -8.11888945e-02  2.17954219e+00]\n",
      " [-4.77419355e+00 -3.28796467e+13  8.69541622e+13 -7.14197930e+12\n",
      "   1.21039027e+13 -5.44790278e+13 -1.15994514e+12  3.15652555e+13\n",
      "  -1.45277407e+13 -9.63061737e+12  3.15695287e+13 -5.40481649e+13\n",
      "   2.42391290e+12  3.95007231e+13  2.91804048e+13 -1.81596759e+13\n",
      "   1.84202826e+13 -1.44093384e+13  1.07004456e+13 -5.58429552e+13]] \n",
      "\n",
      "Inverse of B:  [[ 5.18134715e-03  1.29533679e-02  1.19818653e-02 -1.55440415e-02\n",
      "   5.18134715e-03 -1.55440415e-02  6.21761658e-02  2.59067358e-03\n",
      "  -1.03626943e-02 -5.18134715e-03  0.00000000e+00 -1.03626943e-02\n",
      "  -1.29533679e-03  7.77202073e-03  0.00000000e+00 -4.14507772e-02\n",
      "   0.00000000e+00  7.77202073e-03 -5.18134715e-03  5.18134715e-03]\n",
      " [-6.65535404e+13 -2.06923736e+13  3.98657375e+12  4.33501279e+13\n",
      "   6.78128219e+13 -3.74017766e+13 -8.80849999e+13  2.90996108e+13\n",
      "   3.71157616e+13  2.77088518e+13 -4.22973052e+13  4.11920624e+13\n",
      "  -1.57699617e+13  1.23964394e+13  2.17430435e+13  9.19138028e+13\n",
      "   0.00000000e+00 -2.81381203e+13 -4.28238252e+13 -4.26977894e+13]\n",
      " [-2.32372607e+13 -2.67491306e+13 -9.19217647e+12  1.30863963e+13\n",
      "   1.33322429e+13  2.69186537e+13 -2.97786660e+13  3.74571464e+13\n",
      "  -2.00226779e+13 -1.32944021e+13 -5.90230801e+12  1.24467754e+13\n",
      "  -6.09620463e+12  1.24556625e+13  1.05635619e+12  5.62176793e+13\n",
      "   0.00000000e+00 -1.41406009e+13 -3.94981041e+13  1.55624291e+13]\n",
      " [ 3.23271878e+13  2.24876733e+13 -2.34264396e+12 -2.89419675e+13\n",
      "  -3.87337718e+13  1.25745674e+13  2.40052825e+13 -5.01245182e+13\n",
      "  -6.39205637e+11  7.63519397e+12  2.19636543e+13 -7.74143439e+12\n",
      "  -4.41028070e+12 -5.78612087e+12  4.58632591e+12 -5.01860157e+13\n",
      "   3.51843721e+13  1.22442694e+13  1.91616298e+13  1.06331734e+13]\n",
      " [ 1.11590691e+13  4.56589608e+12 -1.56386816e+13 -1.73829313e+13\n",
      "  -2.85447075e+13  1.89949439e+13 -3.39402243e+12 -1.21966729e+13\n",
      "   6.78838864e+11  9.35572569e+12 -1.73188837e+12  2.10471999e+12\n",
      "  -7.37040469e+12 -2.21190537e+12  6.23565332e+12 -7.23422425e+12\n",
      "  -0.00000000e+00  8.63417804e+12  2.65067264e+13  1.24137101e+13]\n",
      " [-3.06735552e+13 -3.84532205e+13 -4.88340133e+12  1.63841908e+11\n",
      "   4.65792436e+12  2.98651776e+13 -2.44242275e+13  1.64099709e+13\n",
      "  -5.75101248e+12  4.51081693e+12 -2.99741570e+13 -1.79928510e+12\n",
      "   9.88134747e+12  2.19526424e+13  5.47257357e+12  4.81153806e+13\n",
      "  -0.00000000e+00 -8.07682408e+12 -1.44812361e+13 -1.64906146e+12]\n",
      " [ 1.44346142e+13  1.80922960e+13  8.44802772e+12 -1.44247661e+13\n",
      "  -1.17626001e+13 -1.52693052e+13  2.06102283e+13 -2.18694864e+13\n",
      "   7.89846087e+12  1.44346142e+13  1.36366044e+13 -9.33848217e+12\n",
      "   1.88139406e+12 -4.81153806e+12 -2.72866127e+12 -3.36807664e+13\n",
      "  -0.00000000e+00  4.69309707e+12  1.86773284e+13 -7.28444228e+12]\n",
      " [-2.25540847e+13 -3.30219799e+13 -5.49715945e+12  1.42828629e+13\n",
      "  -1.89854784e+11  2.93352297e+13 -2.22346489e+13  2.34505365e+13\n",
      "  -1.45991066e+13 -2.25540847e+13 -5.02750212e+12  3.20350567e+12\n",
      "  -1.65450139e+12  3.09742763e+13  1.10576828e+13  4.08980735e+13\n",
      "  -0.00000000e+00 -2.16914349e+13 -2.25377560e+13  1.13961485e+13]\n",
      " [-1.35324508e+12 -2.54205645e+13 -1.05629882e+13  1.08184816e+13\n",
      "   4.07500422e+12  1.10690945e+13 -1.66971568e+13  1.16356514e+13\n",
      "  -2.23303945e+12 -1.35324508e+12 -1.12905306e+13  3.30437765e+12\n",
      "  -5.47977872e+12  1.21792057e+13  3.07116481e+12  3.24778819e+13\n",
      "  -0.00000000e+00 -6.07208567e+12 -1.83649236e+13  6.00933434e+10]\n",
      " [-2.76226224e-03 -2.21720896e-03  7.72462436e-04  1.19054337e-03\n",
      "   1.27568000e-03 -1.00491935e-03 -7.00880489e-03  3.64272450e-03\n",
      "   1.07155572e-03  2.39954339e-03 -2.66861696e-03  7.24232928e-04\n",
      "   1.06172070e-03  2.46729529e-04 -2.07992177e-04  2.06487076e-03\n",
      "   0.00000000e+00  2.59973390e-04  2.01921942e-03 -1.12761263e-03]\n",
      " [ 1.56388013e-03 -3.69168851e-03  9.32935932e-04  5.86550168e-04\n",
      "  -7.87589874e-04  1.85406676e-03  2.39630134e-03  1.11225611e-03\n",
      "  -3.20053223e-03 -5.58757262e-03  3.45461346e-03  3.01756833e-04\n",
      "  -1.09125617e-03  3.86189661e-03  2.81234549e-03 -5.35604199e-04\n",
      "   0.00000000e+00  3.25206729e-04 -5.81485218e-03  2.15352871e-03]\n",
      " [-1.31147574e-03 -3.12626106e-03  2.04165050e-03 -1.59190382e-03\n",
      "  -3.45817031e-03  1.96223156e-03  5.52318119e-03  4.06778002e-04\n",
      "  -2.83284841e-03 -3.96898286e-03  2.48150828e-03  2.19679435e-04\n",
      "   2.98804489e-03  2.17581382e-03 -1.98340865e-03  1.17575982e-03\n",
      "  -0.00000000e+00 -2.14279800e-03  1.01588043e-03  7.01082226e-05]\n",
      " [ 6.65535404e+13  2.06923736e+13 -3.98657375e+12 -4.33501279e+13\n",
      "  -6.78128219e+13  3.74017766e+13  8.80849999e+13 -2.90996108e+13\n",
      "  -3.71157616e+13 -2.77088518e+13  4.22973052e+13 -4.11920624e+13\n",
      "   1.57699617e+13 -1.23964394e+13 -2.17430435e+13 -9.19138028e+13\n",
      "  -0.00000000e+00  2.81381203e+13  4.28238252e+13  4.26977894e+13]\n",
      " [ 2.32372607e+13  2.67491306e+13  9.19217647e+12 -1.30863963e+13\n",
      "  -1.33322429e+13 -2.69186537e+13  2.97786660e+13 -3.74571464e+13\n",
      "   2.00226779e+13  1.32944021e+13  5.90230801e+12 -1.24467754e+13\n",
      "   6.09620463e+12 -1.24556625e+13 -1.05635619e+12 -5.62176793e+13\n",
      "  -0.00000000e+00  1.41406009e+13  3.94981041e+13 -1.55624291e+13]\n",
      " [-3.23271878e+13 -2.24876733e+13  2.34264396e+12  2.89419675e+13\n",
      "   3.87337718e+13 -1.25745674e+13 -2.40052825e+13  5.01245182e+13\n",
      "   6.39205637e+11 -7.63519397e+12 -2.19636543e+13  7.74143439e+12\n",
      "   4.41028070e+12  5.78612087e+12 -4.58632591e+12  5.01860157e+13\n",
      "  -3.51843721e+13 -1.22442694e+13 -1.91616298e+13 -1.06331734e+13]\n",
      " [-1.11590691e+13 -4.56589608e+12  1.56386816e+13  1.73829313e+13\n",
      "   2.85447075e+13 -1.89949439e+13  3.39402243e+12  1.21966729e+13\n",
      "  -6.78838864e+11 -9.35572569e+12  1.73188837e+12 -2.10471999e+12\n",
      "   7.37040469e+12  2.21190537e+12 -6.23565332e+12  7.23422425e+12\n",
      "  -0.00000000e+00 -8.63417804e+12 -2.65067264e+13 -1.24137101e+13]\n",
      " [ 3.06735552e+13  3.84532205e+13  4.88340133e+12 -1.63841908e+11\n",
      "  -4.65792436e+12 -2.98651776e+13  2.44242275e+13 -1.64099709e+13\n",
      "   5.75101248e+12 -4.51081693e+12  2.99741570e+13  1.79928510e+12\n",
      "  -9.88134747e+12 -2.19526424e+13 -5.47257357e+12 -4.81153806e+13\n",
      "   0.00000000e+00  8.07682408e+12  1.44812361e+13  1.64906146e+12]\n",
      " [-1.44346142e+13 -1.80922960e+13 -8.44802772e+12  1.44247661e+13\n",
      "   1.17626001e+13  1.52693052e+13 -2.06102283e+13  2.18694864e+13\n",
      "  -7.89846087e+12 -1.44346142e+13 -1.36366044e+13  9.33848217e+12\n",
      "  -1.88139406e+12  4.81153806e+12  2.72866127e+12  3.36807664e+13\n",
      "  -0.00000000e+00 -4.69309707e+12 -1.86773284e+13  7.28444228e+12]\n",
      " [ 2.25540847e+13  3.30219799e+13  5.49715945e+12 -1.42828629e+13\n",
      "   1.89854784e+11 -2.93352297e+13  2.22346489e+13 -2.34505365e+13\n",
      "   1.45991066e+13  2.25540847e+13  5.02750212e+12 -3.20350567e+12\n",
      "   1.65450139e+12 -3.09742763e+13 -1.10576828e+13 -4.08980735e+13\n",
      "   0.00000000e+00  2.16914349e+13  2.25377560e+13 -1.13961485e+13]\n",
      " [ 1.35324508e+12  2.54205645e+13  1.05629882e+13 -1.08184816e+13\n",
      "  -4.07500422e+12 -1.10690945e+13  1.66971568e+13 -1.16356514e+13\n",
      "   2.23303945e+12  1.35324508e+12  1.12905306e+13 -3.30437765e+12\n",
      "   5.47977872e+12 -1.21792057e+13 -3.07116481e+12 -3.24778819e+13\n",
      "  -0.00000000e+00  6.07208567e+12  1.83649236e+13 -6.00933434e+10]]\n"
     ]
    }
   ],
   "source": [
    "print(\"Inverse of A: \" ,A_inv,'\\n')\n",
    "print(\"Inverse of B: \" ,B_inv)"
   ]
  },
  {
   "cell_type": "code",
   "execution_count": 103,
   "metadata": {},
   "outputs": [],
   "source": [
    "# Question 2c\n",
    "add_AB = np.array(A + B)\n",
    "add_BA = np.array(B + A)"
   ]
  },
  {
   "cell_type": "code",
   "execution_count": 104,
   "metadata": {},
   "outputs": [
    {
     "name": "stdout",
     "output_type": "stream",
     "text": [
      "A+B :  [[147 196 254  73 311 154 236 187 151 244 185 108 141 210 190 190 269 162\n",
      "  123 223]\n",
      " [157 165 217 136 211 343 230 119 132   5  30 196 131 248 175 243 357 129\n",
      "   53 123]\n",
      " [284 198 154 143 181 282  85 170 201 332 281 163  90 160  73 243 271 146\n",
      "   37 332]\n",
      " [187 175 153 327 261 203 194  73 301 170 130 200 271 224 284 165 336  91\n",
      "  198 174]\n",
      " [200 137 123 366 342  79 365 161 136 123 102 292 168 278 358 229 173 255\n",
      "  230  73]\n",
      " [282 209 135 231 229 193 200 159 199  77 210  70 211 212 198 204 150 278\n",
      "  120 109]\n",
      " [240 148 228 356 246  88 357 133 188  49 340 352 218 235 304 168 256 261\n",
      "   71 184]\n",
      " [170  91 264 278 190  99 214 186 230 203 220 145 152 264 238 158  52 349\n",
      "   65 231]\n",
      " [326 172  81 226 165 332 264 203 250 269 284 122  55 124 295 172 284 218\n",
      "  194 320]\n",
      " [239 327 221 168 296 249 256 166 254 315 170 253 284  83 286 337 222 232\n",
      "  199 288]\n",
      " [374 175 128 277 144 127 189 103 183 109 172 264 218 186 286  68 200  71\n",
      "  250  46]\n",
      " [177 237 176 144 303  45 219  52  84 199 378 293 254 146 193 136 127 148\n",
      "  115 104]\n",
      " [187 207 285  61 166 159 126 332 140 206 356 133 253 206 128  87 264 149\n",
      "  261 115]\n",
      " [198 171 118 250 336 224 348  78 216 210 289 293 138 196 359 184 336 213\n",
      "  218 168]\n",
      " [ 52 162 364 242 225 189 137 140 229 159 381  16 239 319 210 291 126  72\n",
      "  155 258]\n",
      " [216 185 288 225  97 307  78 183 208 129 204 301 194 242 149 207 264  85\n",
      "  160 229]\n",
      " [213  81 234 280 286 158 159 152 231 156  73 300 163 198 373 219  45 266\n",
      "  131 165]\n",
      " [368 279 209 212 124 372 138 148 221 282 369 282 274  94 269 215 277 182\n",
      "  177 257]\n",
      " [253 223 269 353 191 190 125 116 246 244 162 377 268 265 234 283  49 186\n",
      "  224 206]\n",
      " [153  90  71 279 131 194  82 260 145 307 297 182  66 146 162 174 188 151\n",
      "  198 259]] \n",
      "\n",
      "B+A:  [[147 196 254  73 311 154 236 187 151 244 185 108 141 210 190 190 269 162\n",
      "  123 223]\n",
      " [157 165 217 136 211 343 230 119 132   5  30 196 131 248 175 243 357 129\n",
      "   53 123]\n",
      " [284 198 154 143 181 282  85 170 201 332 281 163  90 160  73 243 271 146\n",
      "   37 332]\n",
      " [187 175 153 327 261 203 194  73 301 170 130 200 271 224 284 165 336  91\n",
      "  198 174]\n",
      " [200 137 123 366 342  79 365 161 136 123 102 292 168 278 358 229 173 255\n",
      "  230  73]\n",
      " [282 209 135 231 229 193 200 159 199  77 210  70 211 212 198 204 150 278\n",
      "  120 109]\n",
      " [240 148 228 356 246  88 357 133 188  49 340 352 218 235 304 168 256 261\n",
      "   71 184]\n",
      " [170  91 264 278 190  99 214 186 230 203 220 145 152 264 238 158  52 349\n",
      "   65 231]\n",
      " [326 172  81 226 165 332 264 203 250 269 284 122  55 124 295 172 284 218\n",
      "  194 320]\n",
      " [239 327 221 168 296 249 256 166 254 315 170 253 284  83 286 337 222 232\n",
      "  199 288]\n",
      " [374 175 128 277 144 127 189 103 183 109 172 264 218 186 286  68 200  71\n",
      "  250  46]\n",
      " [177 237 176 144 303  45 219  52  84 199 378 293 254 146 193 136 127 148\n",
      "  115 104]\n",
      " [187 207 285  61 166 159 126 332 140 206 356 133 253 206 128  87 264 149\n",
      "  261 115]\n",
      " [198 171 118 250 336 224 348  78 216 210 289 293 138 196 359 184 336 213\n",
      "  218 168]\n",
      " [ 52 162 364 242 225 189 137 140 229 159 381  16 239 319 210 291 126  72\n",
      "  155 258]\n",
      " [216 185 288 225  97 307  78 183 208 129 204 301 194 242 149 207 264  85\n",
      "  160 229]\n",
      " [213  81 234 280 286 158 159 152 231 156  73 300 163 198 373 219  45 266\n",
      "  131 165]\n",
      " [368 279 209 212 124 372 138 148 221 282 369 282 274  94 269 215 277 182\n",
      "  177 257]\n",
      " [253 223 269 353 191 190 125 116 246 244 162 377 268 265 234 283  49 186\n",
      "  224 206]\n",
      " [153  90  71 279 131 194  82 260 145 307 297 182  66 146 162 174 188 151\n",
      "  198 259]] \n",
      "\n",
      "Both addition are same\n"
     ]
    }
   ],
   "source": [
    "print(\"A+B : \" ,add_AB,'\\n')\n",
    "print(\"B+A: \" ,add_BA,'\\n')\n",
    "if np.array_equal(add_AB,add_BA):\n",
    "    print(\"Both addition are same\")\n",
    "else:\n",
    "    print(\"Both addition are different\")"
   ]
  },
  {
   "cell_type": "code",
   "execution_count": 105,
   "metadata": {},
   "outputs": [],
   "source": [
    "# Question 2d\n",
    "sub_AB = np.array(A - B)\n",
    "sub_BA = np.array(B - A)"
   ]
  },
  {
   "cell_type": "code",
   "execution_count": 164,
   "metadata": {},
   "outputs": [
    {
     "name": "stdout",
     "output_type": "stream",
     "text": [
      "A-B :  [[ -21   72  -96   -3   -7  -92   56  -43 -133  -82   25  -56   17 -140\n",
      "   114 -128   23  -18 -107  -61]\n",
      " [  41   25  -95   48   51  -17  124   33 -112   -3  -12  150   -9  -64\n",
      "    87   83   -3   23  -33 -121]\n",
      " [ -62  198   26   49 -129 -106   69  106 -191  -60   89   21   90   32\n",
      "   -21  -67 -117  130  -27  -60]\n",
      " [-107 -159   55   23    3 -131  144   59   81  -42 -116   42  -63  126\n",
      "   -20  -93    2   41  184  -46]\n",
      " [ -84 -113  -37   30   38   75  -23  -39  124   11    2   38  -82  118\n",
      "    22  -75  169 -133   30   61]\n",
      " [-104  -49   29   87   23    9  -84  113   -5  -63    2   24  -47  106\n",
      "    54   -2  -34   -6   74  -95]\n",
      " [  80   14   74  -40  -34  -32   35   67 -112   19    8  -32   84   81\n",
      "   -92 -112  136  -61    5 -116]\n",
      " [ 120   79   28   14   22   49 -160  138 -148 -119 -114  -55  140   28\n",
      "   -26  -10    2  -25   17 -147]\n",
      " [ -28  162   19  -40  159    6  -22  -53 -118    3  -50  -66   45   62\n",
      "    29  166  -42  -68  -62  -48]\n",
      " [  89   67   87 -136  -28  101   40   82   60   67 -160   49   24  -51\n",
      "   -18   13   74   16  115   94]\n",
      " [  10 -113   20  -13  138    3   87  -63  151  -49    8   56  -70   78\n",
      "    -4   62   76  -31   84   14]\n",
      " [ 171   43  138  110   49  -27  -37  -12   82    7  -20  -85   60  108\n",
      "   159 -118   55 -108   51  102]\n",
      " [ 107 -101  -87  -21    8 -143  100  -60  -10 -126   36  -75  -55 -166\n",
      "    46  -71  -38  123 -131  -35]\n",
      " [  16  -89 -102  -78   54 -138  -38  -38  104   14   -1  -99 -122  -24\n",
      "    31  -98  -26 -173  102   56]\n",
      " [ -16   52    4   36  -11  157   83  -50 -109   19  -15    0  129  -41\n",
      "     4   55   94   18  -35  -80]\n",
      " [-112   45  -40  -69  -93  -83   60  -31 -102   19  176  -17   54  -86\n",
      "  -145   17 -126   67  -54  -81]\n",
      " [ 109   27   38  -80  100   94 -133   88  -33  -90  -47  -32  109    2\n",
      "    13   33  -19  -26   67  -99]\n",
      " [ -10   11   71 -162   40  -26   18   96   81   92   -3   18    6  -44\n",
      "  -105  131 -121   62  125  117]\n",
      " [ -17   37   81  -11  -87   98 -119   12   98   20  144    1   82   77\n",
      "  -130    5  -43  -58  120   58]\n",
      " [  29   74   45  -13  -99  -76   24  -16  -25   41   89  -54   50  120\n",
      "  -130  -56  -82   93  -78   89]] \n",
      "\n",
      "B-A:  [[  21  -72   96    3    7   92  -56   43  133   82  -25   56  -17  140\n",
      "  -114  128  -23   18  107   61]\n",
      " [ -41  -25   95  -48  -51   17 -124  -33  112    3   12 -150    9   64\n",
      "   -87  -83    3  -23   33  121]\n",
      " [  62 -198  -26  -49  129  106  -69 -106  191   60  -89  -21  -90  -32\n",
      "    21   67  117 -130   27   60]\n",
      " [ 107  159  -55  -23   -3  131 -144  -59  -81   42  116  -42   63 -126\n",
      "    20   93   -2  -41 -184   46]\n",
      " [  84  113   37  -30  -38  -75   23   39 -124  -11   -2  -38   82 -118\n",
      "   -22   75 -169  133  -30  -61]\n",
      " [ 104   49  -29  -87  -23   -9   84 -113    5   63   -2  -24   47 -106\n",
      "   -54    2   34    6  -74   95]\n",
      " [ -80  -14  -74   40   34   32  -35  -67  112  -19   -8   32  -84  -81\n",
      "    92  112 -136   61   -5  116]\n",
      " [-120  -79  -28  -14  -22  -49  160 -138  148  119  114   55 -140  -28\n",
      "    26   10   -2   25  -17  147]\n",
      " [  28 -162  -19   40 -159   -6   22   53  118   -3   50   66  -45  -62\n",
      "   -29 -166   42   68   62   48]\n",
      " [ -89  -67  -87  136   28 -101  -40  -82  -60  -67  160  -49  -24   51\n",
      "    18  -13  -74  -16 -115  -94]\n",
      " [ -10  113  -20   13 -138   -3  -87   63 -151   49   -8  -56   70  -78\n",
      "     4  -62  -76   31  -84  -14]\n",
      " [-171  -43 -138 -110  -49   27   37   12  -82   -7   20   85  -60 -108\n",
